Best alpha (regularization strength): 0.00930678301922298
Intercept 12.038459108459106
Coefficients:
[ 0.54208107  0.34708611  0.06396736 -0.02504686  0.06361165 -0.
 -0.02639582 -0.30318349 -0.45802417  0.15948381  0.03822408  0.11361135
 -0.09257175]
MSE path [[3.24863463 5.08255515 4.5343586  ... 4.95658253 6.46623246 4.57813275]
 [3.22052913 5.01069644 4.4757583  ... 4.9065468  6.35549679 4.50410585]
 [3.19734473 4.94013946 4.42188145 ... 4.86268335 6.1966294  4.43049327]
 ...
 [2.21268558 3.02333335 4.1641227  ... 3.9126634  3.87103187 3.31288966]
 [2.21265205 3.0232214  4.16423294 ... 3.91260299 3.87094435 3.31290275]
 [2.21262082 3.02311702 4.16433579 ... 3.9125467  3.87086276 3.31291498]]
R^2 score: 0.22824947623017688